	Chr	Start	Stop	Phase
0	1	4330201	4330201	1
4	1	5015844	5321139	0.5
5	1	6601773	6601773	0
7	1	7170719	7179479	0.5
10	1	7306451	7897133	1
15	1	9223160	11037736	0
16	1	14290847	14290847	1
17	1	15012364	15012364	0
18	1	15039411	15039411	1
21	1	15160070	15434726	0.5
22	1	16654611	16654611	0
23	1	17440854	17440854	1
24	1	18136684	18136684	0.5
26	1	18257021	18335916	1
27	1	18444514	18444514	0.5
28	1	18471278	18471278	1
32	1	19344586	20519808	0.5
33	1	20648985	20648985	1
36	1	20705117	21306161	0.5
37	1	21904267	21904267	0
39	1	21954294	22321550	0.5
45	1	22731269	24775000	0
46	1	25015418	25015418	0.5
156	1	25158500	56088506	0
157	1	56149575	56149575	0.5
158	1	56260814	56260814	1
160	1	57036017	57042335	0.5
162	1	57679608	58139294	1
164	1	58355969	58392765	0
171	1	58508013	60585522	0.5
172	1	60666641	60666641	1
175	1	61042865	61364921	0.5
177	1	61384107	61384237	0
187	1	61954169	64410896	0.5
188	1	65625752	65625752	1
189	1	66088143	66088143	0.5
190	1	66416939	66416939	1
193	1	66544715	67653010	0.5
194	1	67662622	67662622	0
195	1	68313038	68313038	0.5
196	1	68804187	68804187	0
197	1	68936519	68936519	0.5
199	1	69174297	70124891	1
200	1	70558599	70558599	0
202	1	71920314	72299344	0.5
203	1	72595125	72595125	0
206	1	74501477	76568506	0.5
207	1	76608949	76608949	0
208	1	76637090	76637090	0.5
209	1	78540733	78540733	1
211	1	78557608	79082772	0.5
212	1	79282661	79282661	1
213	1	79382009	79382009	0.5
214	1	79419229	79419229	1
215	1	80338715	80338715	0
216	1	81266003	81266003	1
224	1	81820712	85653831	0.5
226	1	86265967	86512253	0
228	1	87773431	87834877	0.5
229	1	88065739	88065739	0
230	1	88192300	88192300	1
231	1	89970163	89970163	0
237	1	90265971	94489553	0.5
238	1	94557357	94557357	1
242	1	94579426	95832611	0.5
243	1	98588885	98588885	0
244	1	98881389	98881389	0.5
245	1	98938977	98938977	1
246	1	99216783	99216783	0.5
247	1	99733964	99733964	0
248	1	100292904	100292904	0.5
249	1	101284027	101284027	1
252	1	101857117	103617970	0.5
253	1	104851904	104851904	0
254	1	104957563	104957563	0.5
527	1	105138007	183817289	0
529	1	184603098	185416257	0.5
530	1	185438020	185438020	1
532	1	185472032	186101539	0.5
533	1	190263214	190263214	0
536	1	190388053	190675536	1
537	1	191023397	191023397	0
538	1	191491491	191491491	0.5
539	1	191792216	191792216	0
541	1	192427901	192569804	1
548	1	193477045	195001536	0.5
549	1	196003775	196003775	0
550	1	196120613	196120613	0.5
551	1	196243012	196243012	0
554	1	196993973	197836347	0.5
557	1	198609305	199034906	1
563	1	199282009	203902482	0.5
564	1	203907135	203907135	1
567	1	204679248	205342450	0.5
568	1	205470633	205470633	1
569	1	205744218	205744218	0
571	1	206676331	208145073	0.5
572	1	208366353	208366353	1
574	1	208611123	208777895	0
576	1	209214390	209220739	0.5
577	1	209627342	209627342	1
578	1	209779355	209779355	0.5
579	1	210311800	210311800	1
580	1	210354586	210354586	0.5
581	1	210572449	210572449	0
588	1	210622527	210994395	0.5
589	1	211014027	211014027	1
591	1	211202705	211241450	0.5
597	1	211248380	212700618	1
598	1	213499232	213499232	0.5
599	1	213536488	213536488	1
601	1	213617738	213657633	0.5
602	1	213868299	213868299	1
605	1	213907945	214159256	0.5
606	1	214167508	214167508	1
608	1	214276204	214280532	0
609	1	214416824	214416824	1
610	1	214511519	214511519	0.5
612	1	214650780	214674925	1
613	1	215140251	215140251	0.5
614	1	215193196	215193196	1
615	1	215845984	215845984	0.5
616	1	216042727	216042727	0
618	1	216298635	216305479	0.5
619	1	216390475	216390475	1
623	1	216396764	216685009	0.5
624	1	216692002	216692002	1
625	1	217087007	217087007	0.5
626	1	217190815	217190815	0
627	1	217281269	217281269	0.5
628	1	217318595	217318595	1
629	1	217417838	217417838	0
632	1	217471995	218268137	0.5
633	1	218352449	218352449	1
636	1	218380871	218564881	0.5
637	1	218604392	218604392	1
640	1	218646954	218870348	0.5
643	1	218897977	218908668	0
644	1	219298539	219298539	0.5
645	1	220161360	220161360	1
648	1	220683696	221042175	0.5
650	1	221069370	221130125	1
651	1	221465272	221465272	0.5
652	1	221511715	221511715	1
655	1	221702709	221724913	0.5
656	1	221809552	221809552	1
659	1	221864710	221917338	0.5
661	1	222206887	222283216	1
664	1	222373102	222487723	0.5
668	1	222498861	222742676	0
674	1	222757922	223484727	0.5
675	1	223561802	223561802	1
676	1	223680537	223680537	0.5
677	1	224476409	224476409	0
682	1	225380088	225540100	0.5
684	1	225588533	225589473	0
686	1	226032229	226521979	0.5
689	1	226693542	227118912	1
690	1	227191656	227191656	0
691	1	229798874	229798874	0.5
692	1	230622709	230622709	0
699	1	230668260	230878561	0.5
702	1	230903006	232210903	1
707	1	233167473	233436403	0
709	1	233765691	233767059	0.5
710	1	233800484	233800484	1
713	1	233937019	234426240	0.5
714	1	234782449	234782449	0
715	1	234819885	234819885	0.5
716	1	236095773	236095773	1
717	1	237446556	237446556	0.5
718	1	239813953	239813953	0
725	1	240531291	241946294	0.5
726	1	242127236	242127236	0
728	1	242322472	242656745	0.5
730	1	244599858	244964713	0
732	1	245198394	245213050	1
736	1	245873836	245986815	0.5
737	1	245996629	245996629	0
741	1	246078476	246931824	0.5
742	1	246939943	246939943	0
743	1	247401645	247401645	1
745	1	248043646	248426484	0.5
