	Chr	Start	Stop	Phase
21	1	4330201	15434726	0
22	1	16654611	16654611	0.5
38	1	17440854	21954294	0
39	1	22321550	22321550	0.5
45	1	22731269	24775000	1
46	1	25015418	25015418	0.5
155	1	25158500	52034812	1
255	1	56088506	105138007	0
356	1	106286316	145548864	1
357	1	145586780	145586780	0.5
395	1	147022697	152701241	1
396	1	152730216	152730216	0.5
428	1	154303976	160816942	1
429	1	160828285	160828285	0.5
454	1	161462728	165157400	1
455	1	165218792	165218792	0.5
527	1	165297637	183817289	1
745	1	184603098	248426484	0
