	Chr	Start	Stop	Phase
0	1	4330201	4330201	0
1	1	5015844	5015844	0.5
7	1	5021200	7179479	1
8	1	7306451	7306451	0.5
13	1	7879627	10574677	0
14	1	10666517	10666517	0.5
16	1	11037736	14290847	1
17	1	15012364	15012364	0.5
20	1	15039411	15167003	1
21	1	15434726	15434726	0.5
23	1	16654611	17440854	1
24	1	18136684	18136684	0
28	1	18257021	18471278	1
29	1	19344586	19344586	0
33	1	19420392	20648985	1
35	1	20705117	21224253	0.5
36	1	21306161	21306161	1
38	1	21904267	21954294	0
39	1	22321550	22321550	1
40	1	22731269	22731269	0
45	1	23477511	24775000	1
47	1	25015418	25158500	0.5
48	1	26898142	26898142	0
49	1	27365512	27365512	0.5
50	1	30307366	30307366	0
51	1	30369220	30369220	0.5
52	1	30636813	30636813	1
55	1	30799299	30812827	0.5
59	1	30885349	31323909	1
60	1	31330844	31330844	0.5
62	1	31337417	31817476	1
63	1	32019153	32019153	0
64	1	32302108	32302108	0.5
66	1	34051242	34056939	1
67	1	34082279	34082279	0.5
68	1	34446139	34446139	1
69	1	34764974	34764974	0.5
76	1	34892913	35095368	1
77	1	37489380	37489380	0.5
79	1	37683919	37752850	0
80	1	37789411	37789411	0.5
88	1	38007770	38650917	1
89	1	38790638	38790638	0.5
90	1	39583686	39583686	1
92	1	39705874	40096053	0.5
94	1	40168587	40636387	1
95	1	40802938	40802938	0.5
97	1	40871497	40885832	1
98	1	40980731	40980731	0.5
100	1	41233031	41267258	1
101	1	41399738	41399738	0
102	1	41494222	41494222	1
103	1	41641327	41641327	0.5
104	1	41783873	41783873	0
107	1	42453317	42487523	1
108	1	42856160	42856160	0.5
109	1	43285544	43285544	0
111	1	43751977	43757955	0.5
112	1	43836928	43836928	0
113	1	44035352	44035352	1
115	1	44581738	44587512	0.5
117	1	44922683	45003255	0
118	1	45585207	45585207	0.5
119	1	45594474	45594474	1
127	1	46100322	46433990	0
132	1	47919420	48071156	0.5
134	1	48309587	48594282	1
135	1	48797332	48797332	0.5
139	1	48986545	49396826	1
141	1	49464667	49532700	0.5
144	1	49550529	49620445	1
146	1	49719903	49953870	0.5
147	1	50263773	50263773	1
150	1	50318398	50918388	0
151	1	50976306	50976306	0.5
153	1	51218695	51235019	0
154	1	51460955	51460955	0.5
155	1	52034812	52034812	1
157	1	56088506	56149575	0
158	1	56260814	56260814	1
162	1	57036017	58139294	0
163	1	58355969	58355969	0.5
167	1	58392765	59537214	1
169	1	60173734	60210649	0
170	1	60461958	60461958	1
171	1	60585522	60585522	0.5
172	1	60666641	60666641	1
173	1	61042865	61042865	0.5
174	1	61214988	61214988	0
175	1	61364921	61364921	0.5
178	1	61384107	61954169	0
179	1	62263416	62263416	0.5
181	1	62309796	62324451	1
186	1	63409807	64079677	0
187	1	64410896	64410896	0.5
188	1	65625752	65625752	1
189	1	66088143	66088143	0.5
190	1	66416939	66416939	0
191	1	66544715	66544715	1
192	1	66670804	66670804	0
194	1	67653010	67662622	0.5
198	1	68313038	69174297	0
199	1	70124891	70124891	0.5
200	1	70558599	70558599	0
202	1	71920314	72299344	1
203	1	72595125	72595125	0.5
204	1	74501477	74501477	0
206	1	75823707	76568506	0.5
208	1	76608949	76637090	0
211	1	78540733	79082772	0.5
212	1	79282661	79282661	1
214	1	79382009	79419229	0.5
215	1	80338715	80338715	1
216	1	81266003	81266003	0.5
217	1	81820712	81820712	1
220	1	81946851	82009424	0.5
222	1	83149729	83451691	0
223	1	83487372	83487372	0.5
224	1	85653831	85653831	0
226	1	86265967	86512253	1
227	1	87773431	87773431	0
228	1	87834877	87834877	1
233	1	88065739	90532766	0
234	1	91536485	91536485	1
237	1	91556690	94489553	0.5
239	1	94557357	94579426	0
242	1	95352973	95832611	1
276	1	98588885	111894870	0
277	1	112113959	112113959	0.5
332	1	112349568	119646035	0
333	1	119708765	119708765	0.5
364	1	119860022	147238486	0
365	1	147241723	147241723	0.5
388	1	147283701	152126467	0
389	1	152230246	152230246	0.5
439	1	152423797	162640649	0
440	1	162892049	162892049	0.5
472	1	162915745	167732098	0
473	1	168907072	168907072	1
474	1	168956295	168956295	0
482	1	169280253	169678024	1
483	1	170171083	170171083	0
485	1	170325957	170330500	0.5
491	1	170440359	172485007	1
492	1	172962496	172962496	0.5
493	1	173117771	173117771	0
494	1	173223863	173223863	0.5
495	1	173266578	173266578	1
497	1	173373183	175102161	0
500	1	175125036	175375469	0.5
502	1	176350944	176354126	1
504	1	176957291	176990417	0.5
505	1	177158553	177158553	0
506	1	177250670	177250670	0.5
509	1	177279412	177320470	1
511	1	177462249	178572978	0.5
513	1	178617359	178618316	1
517	1	179050593	179458821	0
518	1	179479448	179479448	0.5
520	1	179551652	179586314	0
523	1	179964879	180010911	1
524	1	181672682	181672682	0.5
525	1	182312476	182312476	0
527	1	182404101	183817289	1
528	1	184603098	184603098	0.5
531	1	185416257	185472032	0
558	1	186101539	199282009	1
559	1	200368169	200368169	0.5
579	1	200791954	210311800	1
580	1	210354586	210354586	0.5
594	1	210572449	211263253	1
595	1	211271029	211271029	0.5
615	1	212090822	215845984	1
616	1	216042727	216042727	0.5
622	1	216298635	216445356	1
625	1	216685009	217087007	0.5
626	1	217190815	217190815	0
629	1	217281269	217417838	0.5
630	1	217471995	217471995	0
631	1	218018956	218018956	0.5
632	1	218268137	218268137	0
634	1	218352449	218380871	1
635	1	218523650	218523650	0.5
636	1	218564881	218564881	0
639	1	218604392	218726940	0.5
642	1	218870348	218902223	0
643	1	218908668	218908668	0.5
644	1	219298539	219298539	1
645	1	220161360	220161360	0
646	1	220683696	220683696	1
648	1	220973426	221042175	0.5
649	1	221069370	221069370	0
656	1	221130125	221809552	0.5
670	1	221864710	222762709	0
671	1	222802376	222802376	0.5
673	1	222964722	222971032	0
675	1	223484727	223561802	1
676	1	223680537	223680537	0.5
677	1	224476409	224476409	0
678	1	225380088	225380088	0.5
684	1	225493668	225589473	1
685	1	226032229	226032229	0.5
689	1	226521979	227118912	1
690	1	227191656	227191656	0.5
691	1	229798874	229798874	0
692	1	230622709	230622709	0.5
693	1	230668260	230668260	0
694	1	230778879	230778879	0.5
701	1	230809434	230906954	1
711	1	232210903	233937019	0
713	1	234142786	234426240	0.5
714	1	234782449	234782449	1
715	1	234819885	234819885	0.5
716	1	236095773	236095773	1
720	1	237446556	240541011	0
722	1	240639558	240673104	0.5
723	1	240810197	240810197	0
726	1	241254147	242127236	1
728	1	242322472	242656745	0.5
745	1	244599858	248426484	1
