	Chr	Start	Stop	Phase
28	1	4330201	18471278	1
30	1	19344586	19420392	0
32	1	19457257	20519808	1
33	1	20648985	20648985	0
35	1	20705117	21224253	1
36	1	21306161	21306161	0
38	1	21904267	21954294	0.5
45	1	22321550	24775000	0
46	1	25015418	25015418	1
47	1	25158500	25158500	0.5
48	1	26898142	26898142	1
50	1	27365512	30307366	0
54	1	30369220	30803478	0.5
55	1	30812827	30812827	1
56	1	30885349	30885349	0.5
58	1	31034663	31058785	1
61	1	31323909	31337417	0.5
62	1	31817476	31817476	0
64	1	32019153	32302108	1
66	1	34051242	34056939	0
67	1	34082279	34082279	0.5
69	1	34446139	34764974	0
73	1	34892913	34937391	0.5
74	1	34992037	34992037	1
77	1	35094871	37489380	0
80	1	37683919	37789411	0.5
82	1	38007770	38024054	1
85	1	38071728	38194156	0.5
87	1	38207825	38590442	1
89	1	38650917	38790638	0.5
93	1	39583686	40168587	1
94	1	40636387	40636387	0.5
97	1	40802938	40885832	1
98	1	40980731	40980731	0
100	1	41233031	41267258	0.5
101	1	41399738	41399738	1
104	1	41494222	41783873	0.5
105	1	42453317	42453317	0
107	1	42480320	42487523	0.5
108	1	42856160	42856160	0
109	1	43285544	43285544	1
111	1	43751977	43757955	0
112	1	43836928	43836928	1
113	1	44035352	44035352	0.5
115	1	44581738	44587512	1
116	1	44922683	44922683	0.5
117	1	45003255	45003255	1
119	1	45585207	45594474	0.5
120	1	46100322	46100322	0
124	1	46188914	46347328	0.5
127	1	46419605	46433990	1
128	1	47919420	47919420	0
129	1	47948764	47948764	0.5
132	1	47960253	48071156	0
133	1	48309587	48309587	1
135	1	48594282	48797332	0.5
139	1	48986545	49396826	1
142	1	49464667	49550529	0
144	1	49615546	49620445	0.5
145	1	49719903	49719903	0
146	1	49953870	49953870	1
148	1	50263773	50318398	0.5
149	1	50339649	50339649	1
151	1	50918388	50976306	0.5
152	1	51218695	51218695	0
154	1	51235019	51460955	1
155	1	52034812	52034812	0.5
159	1	56088506	57036017	1
160	1	57042335	57042335	0.5
161	1	57679608	57679608	1
164	1	58139294	58392765	0.5
165	1	58508013	58508013	0
167	1	59526466	59537214	0.5
168	1	60173734	60173734	1
171	1	60210649	60585522	0.5
172	1	60666641	60666641	0
173	1	61042865	61042865	1
174	1	61214988	61214988	0.5
178	1	61364921	61954169	1
179	1	62263416	62263416	0.5
183	1	62309796	63414401	0
184	1	63525756	63525756	1
186	1	63549282	64079677	0.5
188	1	64410896	65625752	0
189	1	66088143	66088143	1
193	1	66416939	67653010	0.5
194	1	67662622	67662622	0
196	1	68313038	68804187	1
197	1	68936519	68936519	0.5
200	1	69174297	70558599	1
203	1	71920314	72595125	0.5
204	1	74501477	74501477	1
207	1	75823707	76608949	0.5
208	1	76637090	76637090	1
210	1	78540733	78557608	0
211	1	79082772	79082772	0.5
212	1	79282661	79282661	1
213	1	79382009	79382009	0.5
216	1	79419229	81266003	1
217	1	81820712	81820712	0.5
219	1	81946851	81949079	1
220	1	82009424	82009424	0
221	1	83149729	83149729	1
222	1	83451691	83451691	0
227	1	83487372	87773431	0.5
228	1	87834877	87834877	0
229	1	88065739	88065739	0.5
230	1	88192300	88192300	0
231	1	89970163	89970163	0.5
232	1	90265971	90265971	0
234	1	90532766	91536485	0.5
235	1	91556690	91556690	0
236	1	92158571	92158571	1
237	1	94489553	94489553	0.5
239	1	94557357	94579426	0
241	1	95352973	95408492	0.5
242	1	95832611	95832611	1
245	1	98588885	98938977	0.5
246	1	99216783	99216783	0
248	1	99733964	100292904	0.5
251	1	101284027	102236122	0
254	1	103617970	104957563	1
255	1	105138007	105138007	0
256	1	106286316	106286316	0.5
258	1	106807178	106834169	0
259	1	107448618	107448618	0.5
260	1	107676684	107676684	1
261	1	107714478	107714478	0
262	1	108011220	108011220	0.5
263	1	108037997	108037997	1
264	1	108268630	108268630	0.5
268	1	108331296	108661636	0
269	1	109359502	109359502	0.5
500	1	110119732	175375469	1
502	1	176350944	176354126	0.5
503	1	176957291	176957291	1
505	1	176990417	177158553	0.5
508	1	177250670	177286000	0
510	1	177320470	177462249	0.5
511	1	178572978	178572978	1
513	1	178617359	178618316	0.5
514	1	179050593	179050593	0
515	1	179269788	179269788	0.5
516	1	179293029	179293029	0
519	1	179458821	179551652	0.5
520	1	179586314	179586314	0
521	1	179964879	179964879	0.5
522	1	179987991	179987991	0
524	1	180010911	181672682	0.5
525	1	182312476	182312476	1
526	1	182404101	182404101	0.5
527	1	183817289	183817289	0
528	1	184603098	184603098	0.5
529	1	185416257	185416257	1
530	1	185438020	185438020	0.5
531	1	185472032	185472032	1
533	1	186101539	190263214	0.5
535	1	190388053	190399946	0
536	1	190675536	190675536	0.5
537	1	191023397	191023397	0
541	1	191491491	192569804	0.5
542	1	193477045	193477045	0
546	1	193917413	194749075	1
547	1	194955350	194955350	0.5
550	1	195001536	196120613	0
551	1	196243012	196243012	0.5
553	1	196993973	196995848	1
554	1	197836347	197836347	0
555	1	198609305	198609305	1
559	1	198788077	200368169	0.5
560	1	200791954	200791954	0
561	1	201095714	201095714	0.5
562	1	203300280	203300280	0
564	1	203902482	203907135	0.5
568	1	204679248	205470633	0
570	1	205744218	206676331	1
571	1	208145073	208145073	0.5
628	1	208366353	217318595	1
629	1	217417838	217417838	0.5
679	1	217471995	225493668	1
680	1	225511905	225511905	0.5
701	1	225534219	230906954	1
706	1	232210903	233318181	0
711	1	233436403	233937019	0.5
712	1	234142786	234142786	1
714	1	234426240	234782449	0.5
715	1	234819885	234819885	0
716	1	236095773	236095773	0.5
717	1	237446556	237446556	1
721	1	239813953	240639558	0
723	1	240673104	240810197	0.5
724	1	241254147	241254147	0
725	1	241946294	241946294	1
726	1	242127236	242127236	0.5
727	1	242322472	242322472	1
730	1	242656745	244964713	0.5
731	1	245198394	245198394	1
735	1	245213050	245953416	0.5
736	1	245986815	245986815	1
738	1	245996629	246078476	0.5
739	1	246116352	246116352	1
740	1	246606218	246606218	0
742	1	246931824	246939943	1
744	1	247401645	248043646	0.5
745	1	248426484	248426484	1
