	Chr	Start	Stop	Phase
4	1	4330201	5321139	0
5	1	6601773	6601773	1
31	1	7170719	19457257	0
32	1	20519808	20519808	0.5
45	1	20648985	24775000	0
46	1	25015418	25015418	0.5
89	1	25158500	38790638	0
93	1	39583686	40168587	1
94	1	40636387	40636387	0.5
155	1	40802938	52034812	1
167	1	56088506	59537214	0
204	1	60173734	74501477	1
205	1	75823707	75823707	0.5
278	1	76568506	112349568	1
279	1	112372984	112372984	0.5
322	1	112425797	119071421	1
323	1	119079566	119079566	0.5
337	1	119091956	119981049	1
338	1	120145883	120145883	0.5
443	1	120162787	162957811	1
444	1	163120753	163120753	0.5
464	1	163272010	166482753	1
465	1	166532565	166532565	0.5
479	1	166539001	169531035	1
480	1	169571076	169571076	0.5
554	1	169648469	197836347	1
555	1	198609305	198609305	0.5
560	1	198788077	200791954	1
561	1	201095714	201095714	0.5
577	1	203300280	209627342	1
702	1	209779355	232210903	0
709	1	233167473	233767059	1
710	1	233800484	233800484	0.5
745	1	233937019	248426484	1
