	Chr	Start	Stop	Phase
0	1	4330201	4330201	0.5
2	1	5015844	5021200	1
4	1	5287108	5321139	0.5
5	1	6601773	6601773	1
8	1	7170719	7306451	0
12	1	7879627	9978996	1
13	1	10574677	10574677	0
14	1	10666517	10666517	0.5
15	1	11037736	11037736	0
16	1	14290847	14290847	1
17	1	15012364	15012364	0.5
18	1	15039411	15039411	0
21	1	15160070	15434726	1
22	1	16654611	16654611	0.5
23	1	17440854	17440854	0
27	1	18136684	18444514	1
30	1	18471278	19420392	0
31	1	19457257	19457257	0.5
32	1	20519808	20519808	0
34	1	20648985	20705117	0.5
35	1	21224253	21224253	0
37	1	21306161	21904267	0.5
38	1	21954294	21954294	1
39	1	22321550	22321550	0.5
40	1	22731269	22731269	1
41	1	23477511	23477511	0.5
43	1	24365512	24656158	0
44	1	24727678	24727678	0.5
46	1	24775000	25015418	1
48	1	25158500	26898142	0
51	1	27365512	30369220	1
52	1	30636813	30636813	0.5
54	1	30799299	30803478	1
56	1	30812827	30885349	0
61	1	31034663	31337417	1
63	1	31817476	32019153	0
64	1	32302108	32302108	1
67	1	34051242	34082279	0
68	1	34446139	34446139	1
76	1	34764974	35095368	0
77	1	37489380	37489380	0.5
81	1	37683919	38007770	1
82	1	38024054	38024054	0.5
88	1	38071728	38650917	1
89	1	38790638	38790638	0.5
91	1	39583686	39705874	0
93	1	40096053	40168587	1
97	1	40636387	40885832	0.5
98	1	40980731	40980731	1
99	1	41233031	41233031	0.5
100	1	41267258	41267258	1
101	1	41399738	41399738	0.5
103	1	41494222	41641327	0
104	1	41783873	41783873	0.5
108	1	42453317	42856160	1
109	1	43285544	43285544	0
112	1	43751977	43836928	1
113	1	44035352	44035352	0.5
114	1	44581738	44581738	1
115	1	44587512	44587512	0.5
116	1	44922683	44922683	0
118	1	45003255	45585207	0.5
119	1	45594474	45594474	1
121	1	46100322	46188914	0.5
124	1	46298383	46347328	0
125	1	46419605	46419605	0.5
127	1	46425500	46433990	0
129	1	47919420	47948764	0.5
132	1	47960253	48071156	0
133	1	48309587	48309587	1
134	1	48594282	48594282	0
135	1	48797332	48797332	1
136	1	48986545	48986545	0
137	1	49024709	49024709	0.5
144	1	49374736	49620445	0
146	1	49719903	49953870	0.5
149	1	50263773	50339649	1
151	1	50918388	50976306	0
154	1	51218695	51460955	1
156	1	52034812	56088506	0
161	1	56149575	57679608	1
162	1	58139294	58139294	0
166	1	58355969	59526466	0.5
169	1	59537214	60210649	0
170	1	60461958	60461958	0.5
172	1	60585522	60666641	1
175	1	61042865	61364921	0
177	1	61384107	61384237	0.5
178	1	61954169	61954169	0
179	1	62263416	62263416	1
181	1	62309796	62324451	0
183	1	63409807	63414401	1
187	1	63525756	64410896	0
189	1	65625752	66088143	0.5
190	1	66416939	66416939	1
196	1	66544715	68804187	0
200	1	68936519	70558599	0.5
203	1	71920314	72595125	0
204	1	74501477	74501477	1
210	1	75823707	78557608	0
212	1	79082772	79282661	0.5
213	1	79382009	79382009	1
214	1	79419229	79419229	0
216	1	80338715	81266003	0.5
220	1	81820712	82009424	0
221	1	83149729	83149729	0.5
223	1	83451691	83487372	0
225	1	85653831	86265967	1
226	1	86512253	86512253	0
227	1	87773431	87773431	0.5
231	1	87834877	89970163	0
233	1	90265971	90532766	0.5
235	1	91536485	91556690	0
237	1	92158571	94489553	0.5
239	1	94557357	94579426	1
240	1	95352973	95352973	0.5
241	1	95408492	95408492	0
242	1	95832611	95832611	0.5
243	1	98588885	98588885	1
244	1	98881389	98881389	0.5
245	1	98938977	98938977	0
246	1	99216783	99216783	1
248	1	99733964	100292904	0.5
249	1	101284027	101284027	1
250	1	101857117	101857117	0
253	1	102236122	104851904	0.5
255	1	104957563	105138007	1
256	1	106286316	106286316	0.5
257	1	106807178	106807178	0
260	1	106834169	107676684	0.5
262	1	107714478	108011220	0
264	1	108037997	108268630	0.5
267	1	108331296	108386404	0
270	1	108661636	110119732	0.5
273	1	110195228	111204185	1
274	1	111729325	111729325	0.5
275	1	111875202	111875202	0
276	1	111894870	111894870	0.5
278	1	112113959	112349568	1
279	1	112372984	112372984	0
280	1	112425797	112425797	1
283	1	112761639	112792984	0
284	1	113067792	113067792	1
285	1	113248791	113248791	0
287	1	113830085	114078037	0.5
288	1	114634228	114634228	1
290	1	114640807	114857644	0.5
301	1	115610091	115839595	0
302	1	115894321	115894321	0.5
303	1	116136810	116136810	0
304	1	116339269	116339269	0.5
381	1	116347890	150938571	0
386	1	151608096	151915740	0.5
387	1	152016425	152016425	0
388	1	152126467	152126467	1
389	1	152230246	152230246	0
391	1	152423797	152536760	1
393	1	152542229	152651029	0.5
394	1	152672005	152672005	0
396	1	152701241	152730216	1
397	1	154303976	154303976	0.5
398	1	154717908	154717908	0
399	1	154768689	154768689	0.5
401	1	155135335	156446242	1
404	1	157000716	157086131	0
409	1	157331407	158381815	0.5
410	1	158553332	158553332	1
420	1	158735595	159325834	0
421	1	159329046	159329046	0.5
422	1	159378594	159378594	0
423	1	159581387	159581387	1
425	1	159680868	159713556	0.5
426	1	160084643	160084643	0
427	1	160129495	160129495	0.5
435	1	160816942	161793612	1
437	1	162030654	162033890	0.5
439	1	162469475	162640649	0
445	1	162892049	163272010	1
446	1	163292217	163292217	0
447	1	163511425	163511425	1
448	1	164153868	164153868	0.5
449	1	164197996	164197996	1
450	1	164242365	164242365	0.5
451	1	164923650	164923650	0
453	1	165121286	165124178	1
454	1	165157400	165157400	0
455	1	165218792	165218792	0.5
461	1	165297637	165647933	0
462	1	166367325	166367325	1
463	1	166445116	166445116	0
464	1	166482753	166482753	0.5
467	1	166532565	166552723	0
468	1	166882737	166882737	0.5
471	1	167082869	167119523	0
472	1	167732098	167732098	0.5
473	1	168907072	168907072	0
474	1	168956295	168956295	1
476	1	169280253	169336617	0.5
482	1	169456046	169678024	0
483	1	170171083	170171083	0.5
488	1	170325957	171599953	0
491	1	171901805	172485007	1
493	1	172962496	173117771	0
494	1	173223863	173223863	1
495	1	173266578	173266578	0.5
498	1	173373183	175125036	1
504	1	175295662	176990417	0
505	1	177158553	177158553	0.5
509	1	177250670	177320470	1
511	1	177462249	178572978	0.5
513	1	178617359	178618316	0
516	1	179050593	179293029	0.5
517	1	179458821	179458821	0
520	1	179479448	179586314	0.5
522	1	179964879	179987991	1
524	1	180010911	181672682	0.5
527	1	182312476	183817289	0
528	1	184603098	184603098	0.5
530	1	185416257	185438020	0
532	1	185472032	186101539	0.5
533	1	190263214	190263214	0
535	1	190388053	190399946	1
536	1	190675536	190675536	0.5
537	1	191023397	191023397	1
538	1	191491491	191491491	0.5
540	1	191792216	192427901	1
541	1	192569804	192569804	0
542	1	193477045	193477045	1
546	1	193917413	194749075	0
548	1	194955350	195001536	0.5
549	1	196003775	196003775	0
550	1	196120613	196120613	1
551	1	196243012	196243012	0.5
553	1	196993973	196995848	1
554	1	197836347	197836347	0.5
555	1	198609305	198609305	1
557	1	198788077	199034906	0.5
561	1	199282009	201095714	1
565	1	203300280	204679248	0.5
567	1	204988535	205342450	0
568	1	205470633	205470633	1
569	1	205744218	205744218	0.5
570	1	206676331	206676331	1
571	1	208145073	208145073	0.5
572	1	208366353	208366353	0
574	1	208611123	208777895	1
575	1	209214390	209214390	0.5
576	1	209220739	209220739	1
577	1	209627342	209627342	0.5
627	1	209779355	217281269	1
629	1	217318595	217417838	0.5
630	1	217471995	217471995	1
631	1	218018956	218018956	0.5
644	1	218268137	219298539	1
645	1	220161360	220161360	0.5
701	1	220683696	230906954	1
702	1	232210903	232210903	0.5
707	1	233167473	233436403	0
709	1	233765691	233767059	0.5
710	1	233800484	233800484	1
711	1	233937019	233937019	0
712	1	234142786	234142786	1
714	1	234426240	234782449	0
717	1	234819885	237446556	0.5
718	1	239813953	239813953	0
721	1	240531291	240639558	1
723	1	240673104	240810197	0
726	1	241254147	242127236	0.5
728	1	242322472	242656745	1
729	1	244599858	244599858	0.5
731	1	244964713	245198394	0
732	1	245213050	245213050	0.5
733	1	245873836	245873836	1
734	1	245884152	245884152	0.5
735	1	245953416	245953416	1
737	1	245986815	245996629	0.5
738	1	246078476	246078476	1
739	1	246116352	246116352	0.5
742	1	246606218	246939943	1
743	1	247401645	247401645	0
744	1	248043646	248043646	0.5
745	1	248426484	248426484	0
